512
-1.5
-1.0
2.0
2.0
0.5 0.5 1
0.45 0.45 1
0.4 0.4 1
0.35 0.35 1
0.3 0.3 1
0.25 0.25 1
0.2 0.2 1
0.15 0.15 1
0.5 0.5 0.95
0.45 0.45 0.95
0.4 0.4 0.95
0.35 0.35 0.95
0.3 0.3 0.95
0.25 0.25 0.95
0.2 0.2 0.95
0.15 0.15 0.95
0.5 0.5 0.9
0.45 0.45 0.9
0.4 0.4 0.9
0.35 0.35 0.9
0.3 0.3 0.9
0.25 0.25 0.9
0.2 0.2 0.9
0.15 0.15 0.9
0.5 0.5 0.85
0.45 0.45 0.85
0.4 0.4 0.85
0.35 0.35 0.85
0.3 0.3 0.85
0.25 0.25 0.85
0.2 0.2 0.85
0.15 0.15 0.85
0.5 0.5 0.8
0.45 0.45 0.8
0.4 0.4 0.8
0.35 0.35 0.8
0.3 0.3 0.8
0.25 0.25 0.8
0.2 0.2 0.8
0.15 0.15 0.8
0.5 0.5 0.75
0.45 0.45 0.75
0.4 0.4 0.75
0.35 0.35 0.75
0.3 0.3 0.75
0.25 0.25 0.75
0.2 0.2 0.75
0.15 0.15 0.75
0.5 0.5 0.7
0.45 0.45 0.7
0.4 0.4 0.7
0.35 0.35 0.7
0.3 0.3 0.7
0.25 0.25 0.7
0.2 0.2 0.7
0.15 0.15 0.7
0.5 0.5 0.65
0.45 0.45 0.65
0.4 0.4 0.65
0.35 0.35 0.65
0.3 0.3 0.65
0.25 0.25 0.65
0.2 0.2 0.65
0.15 0.15 0.65
0.5 0.5 0.6
0.45 0.45 0.6
0.4 0.4 0.6
0.35 0.35 0.6
0.3 0.3 0.6
0.25 0.25 0.6
0.2 0.2 0.6
0.15 0.15 0.6
0.5 0.5 0.55
0.45 0.45 0.55
0.4 0.4 0.55
0.35 0.35 0.55
0.3 0.3 0.55
0.25 0.25 0.55
0.2 0.2 0.55
0.15 0.15 0.55
0.5 0.5 0.5
0.45 0.45 0.5
0.4 0.4 0.5
0.35 0.35 0.5
0.3 0.3 0.5
0.25 0.25 0.5
0.2 0.2 0.5
0.15 0.15 0.5
0.5 0.5 0.45
0.45 0.45 0.45
0.4 0.4 0.45
0.35 0.35 0.45
0.3 0.3 0.45
0.25 0.25 0.45
0.2 0.2 0.45
0.15 0.15 0.45
0.5 0.5 1
0.45 0.45 1
0.4 0.4 1
0.35 0.35 1
0.3 0.3 1
0.25 0.25 1
0.2 0.2 1
0.15 0.15 1
0.5 0.5 0.95
0.45 0.45 0.95
0.4 0.4 0.95
0.35 0.35 0.95
0.3 0.3 0.95
0.25 0.25 0.95
0.2 0.2 0.95
0.15 0.15 0.95
0.5 0.5 0.9
0.45 0.45 0.9
0.4 0.4 0.9
0.35 0.35 0.9
0.3 0.3 0.9
0.25 0.25 0.9
0.2 0.2 0.9
0.15 0.15 0.9
0.5 0.5 0.85
0.45 0.45 0.85
0.4 0.4 0.85
0.35 0.35 0.85
0.3 0.3 0.85
0.25 0.25 0.85
0.2 0.2 0.85
0.15 0.15 0.85
0.5 0.5 0.8
0.45 0.45 0.8
0.4 0.4 0.8
0.35 0.35 0.8
0.3 0.3 0.8
0.25 0.25 0.8
0.2 0.2 0.8
0.15 0.15 0.8
0.5 0.5 0.75
0.45 0.45 0.75
0.4 0.4 0.75
0.35 0.35 0.75
0.3 0.3 0.75
0.25 0.25 0.75
0.2 0.2 0.75
0.15 0.15 0.75
0.5 0.5 0.7
0.45 0.45 0.7
0.4 0.4 0.7
0.35 0.35 0.7
0.3 0.3 0.7
0.25 0.25 0.7
0.2 0.2 0.7
0.15 0.15 0.7
0.5 0.5 0.65
0.45 0.45 0.65
0.4 0.4 0.65
0.35 0.35 0.65
0.3 0.3 0.65
0.25 0.25 0.65
0.2 0.2 0.65
0.15 0.15 0.65
0.5 0.5 0.6
0.45 0.45 0.6
0.4 0.4 0.6
0.35 0.35 0.6
0.3 0.3 0.6
0.25 0.25 0.6
0.2 0.2 0.6
0.15 0.15 0.6
0.5 0.5 0.55
0.45 0.45 0.55
0.4 0.4 0.55
0.35 0.35 0.55
0.3 0.3 0.55
0.25 0.25 0.55
0.2 0.2 0.55
0.15 0.15 0.55
0.5 0.5 0.5
0.45 0.45 0.5
0.4 0.4 0.5
0.35 0.35 0.5
0.3 0.3 0.5
0.25 0.25 0.5
0.2 0.2 0.5
0.15 0.15 0.5
0.5 0.5 0.45
0.45 0.45 0.45
0.4 0.4 0.45
0.35 0.35 0.45
0.3 0.3 0.45
0.25 0.25 0.45
0.2 0.2 0.45
0.15 0.15 0.45
0.5 0.5 1
0.45 0.45 1
0.4 0.4 1
0.35 0.35 1
0.3 0.3 1
0.25 0.25 1
0.2 0.2 1
0.15 0.15 1
0.5 0.5 0.95
0.45 0.45 0.95
0.4 0.4 0.95
0.35 0.35 0.95
0.3 0.3 0.95
0.25 0.25 0.95
0.2 0.2 0.95
0.15 0.15 0.95
0.5 0.5 0.9
0.45 0.45 0.9
0.4 0.4 0.9
0.35 0.35 0.9
0.3 0.3 0.9
0.25 0.25 0.9
0.2 0.2 0.9
0.15 0.15 0.9
0.5 0.5 0.85
0.45 0.45 0.85
0.4 0.4 0.85
0.35 0.35 0.85
0.3 0.3 0.85
0.25 0.25 0.85
0.2 0.2 0.85
0.15 0.15 0.85
0.5 0.5 0.8
0.45 0.45 0.8
0.4 0.4 0.8
0.35 0.35 0.8
0.3 0.3 0.8
0.25 0.25 0.8
0.2 0.2 0.8
0.15 0.15 0.8
0.5 0.5 0.75
0.45 0.45 0.75
0.4 0.4 0.75
0.35 0.35 0.75
0.3 0.3 0.75
0.25 0.25 0.75
0.2 0.2 0.75
0.15 0.15 0.75
0.5 0.5 0.7
0.45 0.45 0.7
0.4 0.4 0.7
0.35 0.35 0.7
0.3 0.3 0.7
0.25 0.25 0.7
0.2 0.2 0.7
0.15 0.15 0.7
0.5 0.5 0.65
0.45 0.45 0.65
0.4 0.4 0.65
0.35 0.35 0.65
0.3 0.3 0.65
0.25 0.25 0.65
0.2 0.2 0.65
0.15 0.15 0.65
