128
0.3965
-0.135
0.0015
0.003
1.000000 1.000000 0.266000
1.000000 0.700000 0.266000
1.000000 0.266000 1.000000
0.266000 0.266000 1.000000
0.266000 1.000000 1.000000
0.266000 1.000000 0.266000
1.000000 0.266000 0.266000
0.250000 0.250000 0.250000
0.250000 0.141000 0.250000
0.359000 0.219000 0.062000
0.500000 1.000000 1.000000
1.000000 0.500000 1.000000
0.500000 0.500000 1.000000
1.000000 1.000000 0.500000
0.500000 1.000000 0.500000
1.000000 0.500000 0.500000
0.766000 0.641000 0.766000
0.641000 0.641000 0.766000
0.516000 0.641000 0.766000
0.391000 0.641000 0.766000
0.266000 0.641000 0.766000
0.141000 0.641000 0.766000
0.016000 0.641000 0.766000
0.766000 0.516000 0.766000
0.641000 0.516000 0.766000
0.516000 0.516000 0.766000
0.391000 0.516000 0.766000
0.266000 0.516000 0.766000
0.141000 0.516000 0.766000
0.016000 0.516000 0.766000
0.766000 0.391000 0.766000
0.641000 0.391000 0.766000
0.516000 0.391000 0.766000
0.391000 0.391000 0.766000
0.266000 0.391000 0.766000
0.141000 0.391000 0.766000
0.016000 0.391000 0.766000
0.766000 0.266000 0.766000
0.641000 0.266000 0.766000
0.516000 0.266000 0.766000
0.391000 0.266000 0.766000
0.266000 0.266000 0.766000
0.141000 0.266000 0.766000
0.016000 0.266000 0.766000
0.766000 0.141000 0.766000
0.641000 0.141000 0.766000
0.516000 0.141000 0.766000
0.391000 0.141000 0.766000
0.266000 0.141000 0.766000
0.141000 0.141000 0.766000
0.016000 0.141000 0.766000
0.766000 0.016000 0.766000
0.641000 0.016000 0.766000
0.516000 0.016000 0.766000
0.391000 0.016000 0.766000
0.266000 0.016000 0.766000
0.141000 0.016000 0.766000
0.016000 0.016000 0.766000
0.766000 0.766000 0.641000
0.641000 0.766000 0.641000
0.516000 0.766000 0.641000
0.391000 0.766000 0.641000
0.266000 0.766000 0.641000
0.141000 0.766000 0.641000
0.016000 0.766000 0.641000
0.766000 0.641000 0.641000
0.641000 0.641000 0.641000
0.516000 0.641000 0.641000
0.391000 0.641000 0.641000
0.266000 0.641000 0.641000
0.141000 0.641000 0.641000
0.016000 0.641000 0.641000
0.766000 0.516000 0.641000
0.641000 0.516000 0.641000
0.516000 0.516000 0.641000
0.391000 0.516000 0.641000
0.266000 0.516000 0.641000
0.141000 0.516000 0.641000
0.016000 0.516000 0.641000
0.766000 0.391000 0.641000
0.641000 0.391000 0.641000
0.516000 0.391000 0.641000
0.391000 0.391000 0.641000
0.266000 0.391000 0.641000
0.141000 0.391000 0.641000
0.016000 0.391000 0.641000
0.766000 0.266000 0.641000
0.641000 0.266000 0.641000
0.516000 0.266000 0.641000
0.391000 0.266000 0.641000
0.266000 0.266000 0.641000
0.141000 0.266000 0.641000
0.016000 0.266000 0.641000
0.766000 0.141000 0.641000
0.641000 0.141000 0.641000
0.516000 0.141000 0.641000
0.391000 0.141000 0.641000
0.266000 0.141000 0.641000
0.141000 0.141000 0.641000
0.016000 0.141000 0.641000
0.766000 0.016000 0.641000
0.641000 0.016000 0.641000
0.516000 0.016000 0.641000
0.391000 0.016000 0.641000
0.266000 0.016000 0.641000
0.141000 0.016000 0.641000
0.016000 0.016000 0.641000
0.766000 0.766000 0.516000
0.641000 0.766000 0.516000
0.516000 0.766000 0.516000
0.391000 0.766000 0.516000
0.266000 0.766000 0.516000
0.141000 0.766000 0.516000
0.016000 0.766000 0.516000
0.766000 0.641000 0.516000
0.641000 0.641000 0.516000
0.516000 0.641000 0.516000
0.391000 0.641000 0.516000
0.266000 0.641000 0.516000
0.141000 0.641000 0.516000
0.016000 0.641000 0.516000
0.766000 0.516000 0.516000
0.641000 0.516000 0.516000
0.516000 0.516000 0.516000
0.391000 0.516000 0.516000
0.266000 0.516000 0.516000
0.141000 0.516000 0.516000
0.016000 0.516000 0.516000
0.766000 0.391000 0.516000
0.641000 0.391000 0.516000
0.516000 0.391000 0.516000
0.391000 0.391000 0.516000
0.266000 0.391000 0.516000
0.141000 0.391000 0.516000
0.016000 0.391000 0.516000
0.766000 0.266000 0.516000
0.641000 0.266000 0.516000
0.516000 0.266000 0.516000
0.391000 0.266000 0.516000
0.266000 0.266000 0.516000
0.141000 0.266000 0.516000
0.016000 0.266000 0.516000
0.766000 0.141000 0.516000
0.641000 0.141000 0.516000
0.516000 0.141000 0.516000
0.391000 0.141000 0.516000
0.266000 0.141000 0.516000
0.141000 0.141000 0.516000
0.016000 0.141000 0.516000
0.766000 0.016000 0.516000
0.641000 0.016000 0.516000
0.516000 0.016000 0.516000
0.391000 0.016000 0.516000
0.266000 0.016000 0.516000
0.141000 0.016000 0.516000
0.016000 0.016000 0.516000
0.766000 0.766000 0.391000
0.641000 0.766000 0.391000
0.516000 0.766000 0.391000
0.391000 0.766000 0.391000
0.266000 0.766000 0.391000
0.141000 0.766000 0.391000
0.016000 0.766000 0.391000
0.766000 0.641000 0.391000
0.641000 0.641000 0.391000
0.516000 0.641000 0.391000
0.391000 0.641000 0.391000
0.266000 0.641000 0.391000
0.141000 0.641000 0.391000
0.016000 0.641000 0.391000
0.766000 0.516000 0.391000
0.641000 0.516000 0.391000
0.516000 0.516000 0.391000
0.391000 0.516000 0.391000
0.266000 0.516000 0.391000
0.141000 0.516000 0.391000
0.016000 0.516000 0.391000
0.766000 0.391000 0.391000
0.641000 0.391000 0.391000
0.516000 0.391000 0.391000
0.391000 0.391000 0.391000
0.266000 0.391000 0.391000
0.141000 0.391000 0.391000
0.016000 0.391000 0.391000
0.766000 0.266000 0.391000
0.641000 0.266000 0.391000
0.516000 0.266000 0.391000
0.391000 0.266000 0.391000
0.266000 0.266000 0.391000
0.141000 0.266000 0.391000
0.016000 0.266000 0.391000
0.766000 0.141000 0.391000
0.641000 0.141000 0.391000
0.516000 0.141000 0.391000
0.391000 0.141000 0.391000
0.266000 0.141000 0.391000
0.141000 0.141000 0.391000
0.016000 0.141000 0.391000
0.766000 0.016000 0.391000
0.641000 0.016000 0.391000
0.516000 0.016000 0.391000
0.391000 0.016000 0.391000
0.266000 0.016000 0.391000
0.141000 0.016000 0.391000
0.016000 0.016000 0.391000
0.766000 0.766000 0.266000
0.641000 0.766000 0.266000
0.516000 0.766000 0.266000
0.391000 0.766000 0.266000
0.266000 0.766000 0.266000
0.141000 0.766000 0.266000
0.016000 0.766000 0.266000
0.766000 0.641000 0.266000
0.641000 0.641000 0.266000
0.516000 0.641000 0.266000
0.391000 0.641000 0.266000
0.266000 0.641000 0.266000
0.141000 0.641000 0.266000
0.016000 0.641000 0.266000
0.766000 0.516000 0.266000
0.641000 0.516000 0.266000
0.516000 0.516000 0.266000
0.391000 0.516000 0.266000
0.266000 0.516000 0.266000
0.141000 0.516000 0.266000
0.016000 0.516000 0.266000
0.766000 0.391000 0.266000
0.641000 0.391000 0.266000
0.516000 0.391000 0.266000
0.391000 0.391000 0.266000
0.266000 0.391000 0.266000
0.141000 0.391000 0.266000
0.016000 0.391000 0.266000
0.766000 0.266000 0.266000
0.641000 0.266000 0.266000
0.516000 0.266000 0.266000
0.391000 0.266000 0.266000
0.266000 0.266000 0.266000
0.141000 0.266000 0.266000
0.016000 0.266000 0.266000
0.766000 0.141000 0.266000
0.641000 0.141000 0.266000
0.516000 0.141000 0.266000
0.391000 0.141000 0.266000
0.266000 0.141000 0.266000
0.141000 0.141000 0.266000
0.016000 0.031000 0.062000
0.375000 0.375000 0.359000
0.500000 0.500000 0.500000
0.016000 1.000000 1.000000
1.000000 0.016000 1.000000
0.016000 0.016000 1.000000
1.000000 1.000000 0.016000
0.016000 1.000000 0.016000
1.000000 0.016000 0.016000
1.000000 1.000000 1.000000
